[ 0.36180191 -0.07169922  0.14007127]
[-0.24654939 -0.02846625 -0.18929516]
[ 0.11794475 -0.04635783  0.00470445]
[-0.03101015 -0.04219266 -0.07680879]
[-0.00606253 -0.04142586 -0.0647578 ]
[-0.01063568 -0.04174785 -0.0686285 ]
[-0.00601111 -0.04130978 -0.06919298]
[-0.00886108 -0.04167258 -0.07209728]
[-0.00645771 -0.04141633 -0.0721692 ]
[-0.00752511 -0.04169442 -0.07508662]
[-0.00524313 -0.04139693 -0.07484064]
[-0.00578338 -0.04158791 -0.07653223]
[-0.00420207 -0.04137656 -0.07682124]
[-0.00475862 -0.0415748  -0.07823272]
[-0.00347628 -0.04138406 -0.07846613]
[-0.00390281 -0.04157301 -0.07976128]
[-0.00292868 -0.04140911 -0.07988465]
[-0.00310769 -0.04158829 -0.08134277]
[-0.00160442 -0.04129181 -0.08133887]
[-0.00196144 -0.04140901 -0.08176017]
[-0.00211163 -0.04152514 -0.08261596]
[-0.00138426 -0.0413925  -0.08274783]
[-0.00162589 -0.04151638 -0.08342076]
[-0.00105135 -0.04140399 -0.08352439]
[-0.00122197 -0.04151948 -0.08418433]
[-0.00038082 -0.04133502 -0.08425629]
[-0.00049693 -0.04137872 -0.08439017]
[-0.00072063 -0.04147717 -0.084771  ]
[-0.00010342 -0.0413634  -0.08505658]
[-0.00036504 -0.04147159 -0.08539193]
[-2.33074750e-06 -4.13995394e-02 -8.55541594e-02]
[-0.00013068 -0.04147154 -0.08582916]
[ 0.0002086  -0.04139613 -0.08594534]
[ 1.08787864e-05 -4.15006138e-02 -8.62914673e-02]
[ 0.000204   -0.04144437 -0.08627655]
[ 0.00097393 -0.04138622 -0.08729308]
[ 0.00076735 -0.04145832 -0.08745384]
[ 0.0008625  -0.0414322  -0.08744231]
[ 0.00086311 -0.04144948 -0.08756307]
[ 0.00093634 -0.04142928 -0.08756439]
[ 0.0009101  -0.04145014 -0.08765327]
[ 0.00095646 -0.04143622 -0.08764999]
[ 0.00111009 -0.04143249 -0.08790568]
[ 0.00109311 -0.04143791 -0.08793082]
[ 0.00111548 -0.04143358 -0.08792954]
[ 0.00110577 -0.04143832 -0.08795663]
[ 0.00110992 -0.04143741 -0.08795599]
[ 0.00112927 -0.04143338 -0.08795509]
[ 0.0011212  -0.04143694 -0.08797175]
[ 0.00113631 -0.04143362 -0.08797166]
[ 0.00113032 -0.04143671 -0.08798617]
[ 0.0011424  -0.04143388 -0.08798604]
[ 0.00113777 -0.04143688 -0.08800082]
[ 0.00114344 -0.0414354  -0.08800022]
[ 0.00115964 -0.04143248 -0.08800786]
[ 0.00115862 -0.04143285 -0.08800886]
[ 0.00115439 -0.04143446 -0.08801341]
[ 0.00115466 -0.04143579 -0.08802506]
[ 0.00116037 -0.04143442 -0.08802473]
[ 0.00115984 -0.04143609 -0.08803666]
[ 0.00116221 -0.04143543 -0.08803612]
[ 0.00116886 -0.04143376 -0.08803598]
[ 0.00116726 -0.04143442 -0.08803786]
[ 0.00116665 -0.04143508 -0.08804181]
[ 0.00116969 -0.04143437 -0.08804225]
[ 0.00116875 -0.04143507 -0.08804562]
[ 0.00117282 -0.04143404 -0.08804593]
[ 0.00117187 -0.04143446 -0.08804711]
[ 0.0011712  -0.04143528 -0.08805181]
[ 0.00117172 -0.04143513 -0.0880517 ]
[ 0.00117413 -0.04143445 -0.08805139]
[ 0.00117359 -0.04143491 -0.08805356]
[ 0.00117585 -0.04143429 -0.08805364]
[ 0.00117485 -0.04143479 -0.08805507]
[ 0.00117685 -0.04143428 -0.08805553]
[ 0.00117639 -0.04143451 -0.08805612]
[ 0.00117603 -0.04143496 -0.0880584 ]
[ 0.00117635 -0.04143485 -0.08805834]
[ 0.00117785 -0.0414344  -0.08805821]
[ 0.00117736 -0.04143466 -0.08805892]
[ 0.00117886 -0.04143435 -0.08805988]
[ 0.00117837 -0.04143458 -0.08806039]
[ 0.00118031 -0.04143483 -0.08806584]
[ 0.00118126 -0.0414345  -0.08806533]
[ 0.00118096 -0.04143461 -0.08806549]
[ 0.00118106 -0.04143457 -0.08806543]
[ 0.00118105 -0.04143458 -0.08806544]
